pacspritedataup1:
.byt 208, 0, 13, 208, 0, 13, 221, 0, 221, 221, 0, 221, 221, 0, 221, 221, 221, 221, 221, 221, 221, 13, 221, 208, 13, 221, 208, 13, 221, 208
pacspritedataup2:
pacspritedataup4:
.byt 13, 0, 208, 13, 0, 208, 221, 0, 221, 221, 0, 221, 221, 221, 221, 221, 221, 221, 221, 221, 221, 13, 221, 208, 13, 221, 208, 13, 221, 208
pacspritedataup3:
pacspritedatadown3:
pacspritedataleft3:
pacspritedataright3:
.byt 0, 221, 0, 13, 221, 208, 13, 221, 208, 221, 221, 221, 221, 221, 221, 221, 221, 221, 221, 221, 221, 13, 221, 208, 13, 221, 208, 0, 221, 0

pacspritedatadown1:
.byt 13, 221, 208, 13, 221, 208, 13, 221, 208, 221, 221, 221, 221, 221, 221, 221, 0, 221, 221, 0, 221, 221, 0, 221, 208, 0, 13, 208, 0, 13
pacspritedatadown2:
pacspritedatadown4:
.byt 13, 221, 208, 13, 221, 208, 13, 221, 208, 221, 221, 221, 221, 221, 221, 221, 221, 221, 221, 0, 221, 221, 0, 221, 13, 0, 208, 13, 0, 208

pacspritedataleft1:
.byt 13, 221, 0, 221, 221, 208, 13, 221, 221, 0, 221, 221, 0, 13, 221, 0, 13, 221, 0, 221, 221, 13, 221, 221, 221, 221, 208, 13, 221, 0
pacspritedataleft2:
pacspritedataleft4:
.byt 0, 221, 0, 13, 221, 208, 221, 221, 221, 0, 221, 221, 0, 13, 221, 0, 13, 221, 0, 221, 221, 221, 221, 221, 13, 221, 208, 0, 221, 0

pacspritedataright1:
.byt 0, 221, 208, 13, 221, 221, 221, 221, 208, 221, 221, 0, 221, 208, 0, 221, 208, 0, 221, 221, 0, 221, 221, 208, 13, 221, 221, 0, 221, 208
pacspritedataright2:
pacspritedataright4:
.byt 0, 221, 0, 13, 221, 208, 221, 221, 221, 221, 221, 0, 221, 208, 0, 221, 208, 0, 221, 221, 0, 221, 221, 221, 13, 221, 208, 0, 221, 0

pacmansprite1databg: ; (2+w)/2*h -> (2+6)/2*10
	.dsb	40,0

pacmandies1:
.byt 0, 0, 0, 208, 0, 13, 208, 0, 13, 221, 0, 221, 221, 0, 221, 221, 0, 221, 221, 221, 221, 221, 221, 221, 13, 221, 208, 13, 221, 208
pacmandies2:
.byt 0, 0, 0, 0, 0, 0, 0, 0, 0, 0, 0, 0, 208, 0, 13, 221, 0, 221, 221, 221, 221, 221, 221, 221, 13, 221, 208, 13, 221, 208
pacmandies3:
.byt 0, 0, 0, 0, 0, 0, 0, 0, 0, 0, 0, 0, 0, 0, 0, 0, 221, 0, 0, 221, 0, 13, 221, 208, 221, 221, 221, 13, 221, 208
pacmandies4:
.byt 0, 0, 0, 0, 0, 0, 0, 0, 0, 0, 0, 0, 0, 0, 0, 0, 221, 0, 0, 221, 0, 0, 221, 0, 0, 0, 0, 0, 0, 0
pacmandies5:
.byt 208, 0, 13, 13, 0, 208, 0, 0, 0, 208, 0, 221, 13, 0, 0, 0, 0, 208, 221, 0, 13, 0, 0, 0, 13, 0, 208, 208, 0, 13

pacmanempty:
.byt 0, 0, 0, 0, 0, 0, 0, 0, 0, 0, 0, 0, 0, 0, 0, 0, 0, 0, 0, 0, 0, 0, 0, 0, 0, 0, 0, 0, 0, 0



blinkydataup1:
.byt 0, 17, 16, 0, 15, 97, 246, 0, 31, 97, 246, 16, 31, 241, 255, 16, 17, 17, 17, 16, 17, 17, 17, 16, 17, 17, 17, 16, 17, 17, 17, 16, 17, 17, 17, 16, 17, 1, 1, 16, 1, 1, 1, 0
blinkydataup2:
.byt 0, 17, 16, 0, 15, 97, 246, 0, 31, 97, 246, 16, 31, 241, 255, 16, 17, 17, 17, 16, 17, 17, 17, 16, 17, 17, 17, 16, 17, 17, 17, 16, 17, 17, 17, 16, 16, 16, 16, 16, 16, 16, 16, 16

blinkydatadown1:
.byt 0, 17, 16, 0, 1, 17, 17, 0, 17, 17, 17, 16, 31, 241, 255, 16, 22, 241, 111, 16, 22, 241, 111, 16, 17, 17, 17, 16, 17, 17, 17, 16, 17, 17, 17, 16, 17, 1, 1, 16, 1, 1, 1, 0
blinkydatadown2:
.byt 0, 17, 16, 0, 1, 17, 17, 0, 17, 17, 17, 16, 31, 241, 255, 16, 22, 241, 111, 16, 22, 241, 111, 16, 17, 17, 17, 16, 17, 17, 17, 16, 17, 17, 17, 16, 16, 16, 16, 16, 16, 16, 16, 16

blinkydataleft1:
.byt 0, 17, 16, 0, 1, 17, 17, 0, 17, 17, 17, 16, 255, 31, 241, 16, 111, 22, 241, 16, 111, 22, 241, 16, 17, 17, 17, 16, 17, 17, 17, 16, 17, 17, 17, 16, 17, 1, 1, 16, 1, 1, 1, 0
blinkydataleft2:
.byt 0, 17, 16, 0, 1, 17, 17, 0, 17, 17, 17, 16, 255, 31, 241, 16, 111, 22, 241, 16, 111, 22, 241, 16, 17, 17, 17, 16, 17, 17, 17, 16, 17, 17, 17, 16, 16, 16, 16, 16, 16, 16, 16, 16

blinkydataright1:
.byt 0, 17, 16, 0, 1, 17, 17, 0, 17, 17, 17, 16, 17, 255, 31, 240, 17, 246, 31, 96, 17, 246, 31, 96, 17, 17, 17, 16, 17, 17, 17, 16, 17, 17, 17, 16, 17, 1, 1, 16, 1, 1, 1, 0
blinkydataright2:
.byt 0, 17, 16, 0, 1, 17, 17, 0, 17, 17, 17, 16, 17, 255, 31, 240, 17, 246, 31, 96, 17, 246, 31, 96, 17, 17, 17, 16, 17, 17, 17, 16, 17, 17, 17, 16, 16, 16, 16, 16, 16, 16, 16, 16

blinkydatabg: ; (2+w)/2*h -> (2+8)/2*11
	.dsb	55,0


pinkydataup1:
.byt 0, 187, 176, 0, 15, 107, 246, 0, 191, 107, 246, 176, 191, 251, 255, 176, 187, 187, 187, 176, 187, 187, 187, 176, 187, 187, 187, 176, 187, 187, 187, 176, 187, 187, 187, 176, 187, 11, 11, 176, 11, 11, 11, 0
pinkydataup2:
.byt 0, 187, 176, 0, 15, 107, 246, 0, 191, 107, 246, 176, 191, 251, 255, 176, 187, 187, 187, 176, 187, 187, 187, 176, 187, 187, 187, 176, 187, 187, 187, 176, 187, 187, 187, 176, 176, 176, 176, 176, 176, 176, 176, 176

pinkydatadown1:
.byt 0, 187, 176, 0, 11, 187, 187, 0, 187, 187, 187, 176, 191, 251, 255, 176, 182, 251, 111, 176, 182, 251, 111, 176, 187, 187, 187, 176, 187, 187, 187, 176, 187, 187, 187, 176, 187, 11, 11, 176, 11, 11, 11, 0
pinkydatadown2:
.byt 0, 187, 176, 0, 11, 187, 187, 0, 187, 187, 187, 176, 191, 251, 255, 176, 182, 251, 111, 176, 182, 251, 111, 176, 187, 187, 187, 176, 187, 187, 187, 176, 187, 187, 187, 176, 176, 176, 176, 176, 176, 176, 176, 176

pinkydataleft1:
.byt 0, 187, 176, 0, 11, 187, 187, 0, 187, 187, 187, 176, 255, 191, 251, 176, 111, 182, 251, 176, 111, 182, 251, 176, 187, 187, 187, 176, 187, 187, 187, 176, 187, 187, 187, 176, 187, 11, 11, 176, 11, 11, 11, 0
pinkydataleft2:
.byt 0, 187, 176, 0, 11, 187, 187, 0, 187, 187, 187, 176, 255, 191, 251, 176, 111, 182, 251, 176, 111, 182, 251, 176, 187, 187, 187, 176, 187, 187, 187, 176, 187, 187, 187, 176, 176, 176, 176, 176, 176, 176, 176, 176

pinkydataright1:
.byt 0, 187, 176, 0, 11, 187, 187, 0, 187, 187, 187, 176, 187, 255, 191, 240, 187, 246, 191, 96, 187, 246, 191, 96, 187, 187, 187, 176, 187, 187, 187, 176, 187, 187, 187, 176, 187, 11, 11, 176, 11, 11, 11, 0
pinkydataright2:
.byt 0, 187, 176, 0, 11, 187, 187, 0, 187, 187, 187, 176, 187, 255, 191, 240, 187, 246, 191, 96, 187, 246, 191, 96, 187, 187, 187, 176, 187, 187, 187, 176, 187, 187, 187, 176, 176, 176, 176, 176, 176, 176, 176, 176

pinkydatabg: ; (2+w)/2*h -> (2+8)/2*11
	.dsb	55,0


inkydataup1:
.byt 0, 238, 224, 0, 15, 110, 246, 0, 239, 110, 246, 224, 239, 254, 255, 224, 238, 238, 238, 224, 238, 238, 238, 224, 238, 238, 238, 224, 238, 238, 238, 224, 238, 238, 238, 224, 238, 14, 14, 224, 14, 14, 14, 0
inkydataup2:
.byt 0, 238, 224, 0, 15, 110, 246, 0, 239, 110, 246, 224, 239, 254, 255, 224, 238, 238, 238, 224, 238, 238, 238, 224, 238, 238, 238, 224, 238, 238, 238, 224, 238, 238, 238, 224, 224, 224, 224, 224, 224, 224, 224, 224

inkydatadown1:
.byt 0, 238, 224, 0, 14, 238, 238, 0, 238, 238, 238, 224, 239, 254, 255, 224, 230, 254, 111, 224, 230, 254, 111, 224, 238, 238, 238, 224, 238, 238, 238, 224, 238, 238, 238, 224, 238, 14, 14, 224, 14, 14, 14, 0
inkydatadown2:
.byt 0, 238, 224, 0, 14, 238, 238, 0, 238, 238, 238, 224, 239, 254, 255, 224, 230, 254, 111, 224, 230, 254, 111, 224, 238, 238, 238, 224, 238, 238, 238, 224, 238, 238, 238, 224, 224, 224, 224, 224, 224, 224, 224, 224

inkydataleft1:
.byt 0, 238, 224, 0, 14, 238, 238, 0, 238, 238, 238, 224, 255, 239, 254, 224, 111, 230, 254, 224, 111, 230, 254, 224, 238, 238, 238, 224, 238, 238, 238, 224, 238, 238, 238, 224, 238, 14, 14, 224, 14, 14, 14, 0
inkydataleft2:
.byt 0, 238, 224, 0, 14, 238, 238, 0, 238, 238, 238, 224, 255, 239, 254, 224, 111, 230, 254, 224, 111, 230, 254, 224, 238, 238, 238, 224, 238, 238, 238, 224, 238, 238, 238, 224, 224, 224, 224, 224, 224, 224, 224, 224

inkydataright1:
.byt 0, 238, 224, 0, 14, 238, 238, 0, 238, 238, 238, 224, 238, 255, 239, 240, 238, 246, 239, 96, 238, 246, 239, 96, 238, 238, 238, 224, 238, 238, 238, 224, 238, 238, 238, 224, 238, 14, 14, 224, 14, 14, 14, 0
inkydataright2:
.byt 0, 238, 224, 0, 14, 238, 238, 0, 238, 238, 238, 224, 238, 255, 239, 240, 238, 246, 239, 96, 238, 246, 239, 96, 238, 238, 238, 224, 238, 238, 238, 224, 238, 238, 238, 224, 224, 224, 224, 224, 224, 224, 224, 224

inkydatabg: ; (2+w)/2*h -> (2+8)/2*11
	.dsb	55,0


clydedataup1:
.byt 0, 153, 144, 0, 15, 105, 246, 0, 159, 105, 246, 144, 159, 249, 255, 144, 153, 153, 153, 144, 153, 153, 153, 144, 153, 153, 153, 144, 153, 153, 153, 144, 153, 153, 153, 144, 153, 9, 9, 144, 9, 9, 9, 0
clydedataup2:
.byt 0, 153, 144, 0, 15, 105, 246, 0, 159, 105, 246, 144, 159, 249, 255, 144, 153, 153, 153, 144, 153, 153, 153, 144, 153, 153, 153, 144, 153, 153, 153, 144, 153, 153, 153, 144, 144, 144, 144, 144, 144, 144, 144, 144

clydedatadown1:
.byt 0, 153, 144, 0, 9, 153, 153, 0, 153, 153, 153, 144, 159, 249, 255, 144, 150, 249, 111, 144, 150, 249, 111, 144, 153, 153, 153, 144, 153, 153, 153, 144, 153, 153, 153, 144, 153, 9, 9, 144, 9, 9, 9, 0
clydedatadown2:
.byt 0, 153, 144, 0, 9, 153, 153, 0, 153, 153, 153, 144, 159, 249, 255, 144, 150, 249, 111, 144, 150, 249, 111, 144, 153, 153, 153, 144, 153, 153, 153, 144, 153, 153, 153, 144, 144, 144, 144, 144, 144, 144, 144, 144

clydedataleft1:
.byt 0, 153, 144, 0, 9, 153, 153, 0, 153, 153, 153, 144, 255, 159, 249, 144, 111, 150, 249, 144, 111, 150, 249, 144, 153, 153, 153, 144, 153, 153, 153, 144, 153, 153, 153, 144, 153, 9, 9, 144, 9, 9, 9, 0
clydedataleft2:
.byt 0, 153, 144, 0, 9, 153, 153, 0, 153, 153, 153, 144, 255, 159, 249, 144, 111, 150, 249, 144, 111, 150, 249, 144, 153, 153, 153, 144, 153, 153, 153, 144, 153, 153, 153, 144, 144, 144, 144, 144, 144, 144, 144, 144

clydedataright1:
.byt 0, 153, 144, 0, 9, 153, 153, 0, 153, 153, 153, 144, 153, 255, 159, 240, 153, 246, 159, 96, 153, 246, 159, 96, 153, 153, 153, 144, 153, 153, 153, 144, 153, 153, 153, 144, 153, 9, 9, 144, 9, 9, 9, 0
clydedataright2:
.byt 0, 153, 144, 0, 9, 153, 153, 0, 153, 153, 153, 144, 153, 255, 159, 240, 153, 246, 159, 96, 153, 246, 159, 96, 153, 153, 153, 144, 153, 153, 153, 144, 153, 153, 153, 144, 144, 144, 144, 144, 144, 144, 144, 144

clydedatabg: ; (2+w)/2*h -> (2+8)/2*11
	.dsb	55,0


ghostfrighten1:
.byt 0, 102, 96, 0, 6, 102, 102, 0 
.byt 102, 182, 182, 96, 102, 182, 182, 96 
.byt 102, 102, 102, 96, 102, 102, 102, 96 
.byt 102, 182, 182, 96, 107, 107, 107, 96 
.byt 102, 102, 102, 96, 102, 6, 6, 96 
.byt 6, 6, 6, 0
ghostfrighten2:
.byt 0, 102, 96, 0, 6, 102, 102, 0 
.byt 102, 182, 182, 96, 102, 182, 182, 96 
.byt 102, 102, 102, 96, 102, 102, 102, 96 
.byt 102, 182, 182, 96, 107, 107, 107, 96 
.byt 102, 102, 102, 96, 96, 96, 96, 96 
.byt 96, 96, 96, 96
ghostfrighten3:
.byt 0, 255, 240, 0, 15, 255, 255, 0 
.byt 255, 31, 31, 240, 255, 31, 31, 240 
.byt 255, 255, 255, 240, 255, 255, 255, 240 
.byt 255, 31, 31, 240, 241, 241, 241, 240 
.byt 255, 255, 255, 240, 255, 15, 15, 240 
.byt 15, 15, 15, 0
ghostfrighten4:
.byt 0, 255, 240, 0, 15, 255, 255, 0 
.byt 255, 31, 31, 240, 255, 31, 31, 240 
.byt 255, 255, 255, 240, 255, 255, 255, 240 
.byt 255, 31, 31, 240, 241, 241, 241, 240 
.byt 255, 255, 255, 240, 240, 240, 240, 240 
.byt 240, 240, 240, 240


ghosteyesup:
.byt 0, 0, 0, 0, 0, 0, 0, 0, 0, 0, 0, 0, 6, 96, 6, 96, 15, 96, 6, 240, 15, 240, 15, 240, 15, 240, 15, 240, 0, 0, 0, 0, 0, 0, 0, 0, 0, 0, 0, 0, 0, 0, 0, 0
ghosteyesdown:
.byt 0, 0, 0, 0, 0, 0, 0, 0, 0, 0, 0, 0, 15, 240, 15, 240, 15, 240, 15, 240, 15, 96, 6, 240, 6, 96, 6, 96, 0, 0, 0, 0, 0, 0, 0, 0, 0, 0, 0, 0, 0, 0, 0, 0
ghosteyesleft:
.byt 0, 0, 0, 0, 0, 0, 0, 0, 0, 0, 0, 0, 15, 240, 15, 240, 6, 240, 6, 240, 6, 240, 6, 240, 15, 240, 15, 240, 0, 0, 0, 0, 0, 0, 0, 0, 0, 0, 0, 0, 0, 0, 0, 0
ghosteyesright:
.byt 0, 0, 0, 0, 0, 0, 0, 0, 0, 0, 0, 0, 15, 240, 15, 240, 15, 96, 15, 96, 15, 96, 15, 96, 15, 240, 15, 240, 0, 0, 0, 0, 0, 0, 0, 0, 0, 0, 0, 0, 0, 0, 0, 0

ghostempty:
.byt 0, 0, 0, 0, 0, 0, 0, 0, 0, 0, 0, 0, 0, 0, 0, 0, 0, 0, 0, 0, 0, 0, 0, 0, 0, 0, 0, 0, 0, 0, 0, 0, 0, 0, 0, 0, 0, 0, 0, 0, 0, 0, 0, 0


cherrydata:
.byt 0, 0, 0, 80, 0, 0, 5, 80 
.byt 0, 0, 85, 0, 0, 5, 5, 0 
.byt 1, 16, 5, 0, 17, 16, 1, 16 
.byt 17, 16, 17, 16, 17, 16, 17, 16 
.byt 31, 16, 17, 16, 17, 16, 31, 16 
.byt 0, 0, 17, 16
strawberrydata:
.byt 0, 12, 0, 0, 12, 204, 204, 0 
.byt 1, 204, 193, 0, 17, 17, 31, 16 
.byt 31, 17, 17, 16, 17, 31, 31, 16 
.byt 17, 17, 17, 16, 17, 241, 241, 16 
.byt 1, 17, 17, 0, 1, 17, 241, 0 
.byt 0, 17, 16, 0
peachdata:
.byt 0, 0, 12, 0, 0, 5, 204, 192 
.byt 0, 5, 12, 192, 9, 149, 153, 0 
.byt 153, 153, 153, 144, 153, 153, 153, 144 
.byt 153, 153, 153, 144, 153, 153, 153, 144 
.byt 153, 153, 153, 144, 9, 153, 153, 0 
.byt 0, 153, 144, 0
appledata:
.byt 0, 0, 144, 0, 0, 9, 0, 0 
.byt 17, 9, 1, 16, 17, 17, 17, 16 
.byt 17, 17, 17, 16, 17, 17, 17, 16 
.byt 17, 17, 31, 16, 17, 17, 31, 16 
.byt 17, 17, 241, 16, 1, 17, 17, 0 
.byt 1, 16, 17, 0
grapesdata:
.byt 0, 0, 136, 128, 0, 5, 136, 128 
.byt 0, 5, 8, 128, 2, 34, 34, 0 
.byt 34, 34, 34, 32, 34, 34, 34, 32 
.byt 2, 34, 34, 0, 2, 34, 34, 0 
.byt 0, 34, 32, 0, 0, 34, 32, 0 
.byt 0, 2, 0, 0
galaxiandata:
.byt 0, 1, 0, 0, 32, 17, 16, 32 
.byt 33, 17, 17, 32, 45, 209, 221, 32 
.byt 45, 209, 221, 32, 45, 221, 221, 32 
.byt 2, 221, 210, 0, 0, 45, 32, 0 
.byt 0, 13, 0, 0, 0, 13, 0, 0 
.byt 0, 13, 0, 0
belldata:
.byt 0, 221, 208, 0, 13, 221, 221, 0 
.byt 13, 13, 221, 0, 221, 13, 221, 208 
.byt 221, 13, 221, 208, 221, 221, 221, 208 
.byt 208, 221, 221, 208, 208, 221, 221, 208 
.byt 221, 221, 221, 208, 222, 237, 238, 208 
.byt 14, 237, 238, 0
keydata:
.byt 0, 170, 160, 0, 170, 0, 10, 160 
.byt 170, 170, 170, 160, 170, 170, 170, 160 
.byt 0, 240, 240, 0, 0, 240, 255, 0 
.byt 0, 240, 240, 0, 0, 240, 240, 0 
.byt 0, 240, 255, 0, 0, 240, 240, 0 
.byt 0, 15, 0, 0
pts100data:
.byt 0, 0, 0, 0, 0, 0, 0, 240 
.byt 15, 0, 15, 0, 15, 240, 240, 240 
.byt 240, 240, 0, 240, 240, 240, 240, 240 
.byt 0, 240, 240, 240, 240, 240, 0, 240 
.byt 240, 240, 240, 240, 0, 240, 15, 0 
.byt 15, 0, 0, 0, 0, 0, 0, 0
pts300data:
.byt 0, 0, 0, 0, 0, 0, 255, 0 
.byt 15, 0, 15, 0, 0, 240, 240, 240 
.byt 240, 240, 255, 240, 240, 240, 240, 240 
.byt 0, 240, 240, 240, 240, 240, 0, 240 
.byt 240, 240, 240, 240, 255, 0, 15, 0 
.byt 15, 0, 0, 0, 0, 0, 0, 0
pts500data:
.byt 0, 0, 0, 0, 0, 0, 255, 240 
.byt 15, 0, 15, 0, 240, 0, 240, 240 
.byt 240, 240, 240, 0, 240, 240, 240, 240 
.byt 255, 240, 240, 240, 240, 240, 0, 240 
.byt 240, 240, 240, 240, 255, 240, 15, 0 
.byt 15, 0, 0, 0, 0, 0, 0, 0
pts700data:
.byt 0, 0, 0, 0, 0, 0, 255, 240 
.byt 15, 0, 15, 0, 0, 240, 240, 240 
.byt 240, 240, 0, 240, 240, 240, 240, 240 
.byt 15, 0, 240, 240, 240, 240, 15, 0 
.byt 240, 240, 240, 240, 15, 0, 15, 0 
.byt 15, 0, 0, 0, 0, 0, 0, 0
pts1000data:
.byt 0, 0, 0, 0, 0, 0, 0, 15 
.byt 0, 240, 0, 240, 0, 240, 255, 15 
.byt 15, 15, 15, 15, 15, 15, 15, 15 
.byt 15, 15, 15, 15, 15, 15, 15, 15 
.byt 15, 15, 15, 15, 15, 15, 15, 15 
.byt 15, 15, 15, 0, 240, 0, 240, 0 
.byt 240, 0, 0, 0, 0, 0, 0, 0
pts2000data:
.byt 0, 0, 0, 0, 0, 0, 0, 0 
.byt 15, 0, 15, 0, 15, 0, 15, 0 
.byt 240, 240, 240, 240, 240, 240, 240, 240 
.byt 0, 240, 240, 240, 240, 240, 240, 240 
.byt 15, 0, 240, 240, 240, 240, 240, 240 
.byt 240, 0, 240, 240, 240, 240, 240, 240 
.byt 255, 240, 15, 0, 15, 0, 15, 0 
.byt 0, 0, 0, 0, 0, 0, 0, 0
pts3000data:
.byt 0, 0, 0, 0, 0, 0, 0, 0 
.byt 255, 0, 15, 0, 15, 0, 15, 0 
.byt 0, 240, 240, 240, 240, 240, 240, 240 
.byt 255, 240, 240, 240, 240, 240, 240, 240 
.byt 0, 240, 240, 240, 240, 240, 240, 240 
.byt 0, 240, 240, 240, 240, 240, 240, 240 
.byt 255, 0, 15, 0, 15, 0, 15, 0 
.byt 0, 0, 0, 0, 0, 0, 0, 0
pts5000data:
.byt 0, 0, 0, 0, 0, 0, 0, 0 
.byt 255, 240, 15, 0, 15, 0, 15, 0 
.byt 240, 0, 240, 240, 240, 240, 240, 240 
.byt 240, 0, 240, 240, 240, 240, 240, 240 
.byt 255, 240, 240, 240, 240, 240, 240, 240 
.byt 0, 240, 240, 240, 240, 240, 240, 240 
.byt 255, 240, 15, 0, 15, 0, 15, 0 
.byt 0, 0, 0, 0, 0, 0, 0, 0

bonusdatabg:
; Bonus-Symbol -> (2+w)/2*h -> (2+8)/2*11
; Bonus-Punkte -> (2+w)/2*h -> (2+16)/2*8
	.dsb	72,0


pts200data:
.byt 0, 0, 0, 0, 0, 0, 14, 0, 14, 0, 14, 0, 224, 224, 224, 224, 224, 224, 0, 224, 224, 224, 224, 224, 14, 0, 224, 224, 224, 224, 224, 0, 224, 224, 224, 224, 238, 224, 14, 0, 14, 0, 0, 0, 0, 0, 0, 0
pts400data:
.byt 0, 0, 0, 0, 0, 0, 0, 224, 14, 0, 14, 0, 14, 224, 224, 224, 224, 224, 224, 224, 224, 224, 224, 224, 238, 224, 224, 224, 224, 224, 0, 224, 224, 224, 224, 224, 0, 224, 14, 0, 14, 0, 0, 0, 0, 0, 0, 0
pts800data:
.byt 0, 0, 0, 0, 0, 0, 238, 224, 14, 0, 14, 0, 224, 224, 224, 224, 224, 224, 224, 224, 224, 224, 224, 224, 238, 224, 224, 224, 224, 224, 224, 224, 224, 224, 224, 224, 224, 224, 224, 224, 224, 224, 238, 224, 14, 0, 14, 0
pts1600data:
.byt 0, 0, 0, 0, 0, 0, 0, 224, 14, 224, 14, 0, 14, 0, 224, 224, 0, 224, 224, 224, 224, 224, 224, 0, 224, 224, 224, 224, 224, 238, 224, 224, 224, 224, 224, 224, 224, 224, 224, 224, 224, 224, 224, 224, 224, 224, 224, 224, 224, 224, 14, 0, 14, 0, 14, 0

ptsdatabg: ; (2+w)/2*h -> (2+14)/2*8
	.dsb	64,0
